<?xml version="1.0" encoding="UTF-8"?>
<document version="2.0.0">
  <chunk label="test5" enabled="true">
    <sensors next_id="1">
      <sensor id="0" label="ZenmuseP1 (35mm)" type="frame">
        <resolution width="8192" height="5460"/>
        <property name="pixel_width" value="0.0043948613649283609"/>
        <property name="pixel_height" value="0.0043948613649283609"/>
        <property name="focal_length" value="35"/>
        <property name="layer_index" value="0"/>
        <bands>
          <band label="Red"/>
          <band label="Green"/>
          <band label="Blue"/>
        </bands>
        <data_type>uint8</data_type>
        <calibration type="frame" class="adjusted">
          <resolution width="8192" height="5460"/>
          <f>8119.2305200767742</f>
          <cx>-38.207942482315538</cx>
          <cy>39.078209746393981</cy>
          <k1>-0.04828566236749126</k1>
          <k2>0.010243632471032341</k2>
          <k3>-0.082058491666611916</k3>
          <p1>-0.0014576346266384588</p1>
          <p2>0.0024523207164728346</p2>
        </calibration>
        <covariance>
          <params>f cx cy k1 k2 k3 p1 p2</params>
          <coeffs>1950.8615820216853 -6.7834801528979911 30.530400628533407 -0.0190206794021965 0.0046494711005586721 -0.10651252746862412 -0.00038660267400119036 0.00040167933619302215 -6.7834801528979911 0.29604076163879778 -0.10779707418185618 6.8116148244409542e-05 -2.3543898157092158e-05 0.00032970296843468913 9.4691453618754723e-06 -1.4765655202970685e-06 30.530400628533407 -0.10779707418185618 0.72774380608590972 -0.00028939620099769416 4.1292353038194812e-05 -0.0016053678734466216 -6.0738022542227689e-06 1.2042181806113966e-05 -0.0190206794021965 6.8116148244409542e-05 -0.00028939620099769416 7.2399061719419419e-07 -1.2062014739944856e-06 2.8765868257531589e-06 2.9656658709099125e-09 -3.3492971902412824e-10 0.0046494711005586721 -2.3543898157092158e-05 4.1292353038194812e-05 -1.2062014739944856e-06 7.4327807860645208e-06 -1.3565926704297981e-05 -2.3280843408940991e-09 -1.1428354827481199e-09 -0.10651252746862412 0.00032970296843468913 -0.0016053678734466216 2.8765868257531589e-06 -1.3565926704297981e-05 3.0566975586234998e-05 2.1878272028669815e-08 -1.9173725407474184e-08 -0.00038660267400119036 9.4691453618754723e-06 -6.0738022542227689e-06 2.9656658709099125e-09 -2.3280843408940991e-09 2.1878272028669815e-08 5.0208985529380364e-10 -8.3025370896520823e-11 0.00040167933619302215 -1.4765655202970685e-06 1.2042181806113966e-05 -3.3492971902412824e-10 -1.1428354827481199e-09 -1.9173725407474184e-08 -8.3025370896520823e-11 3.6680089890519972e-10</coeffs>
        </covariance>
        <meta>
          <property name="Exif/BodySerialNumber" value="3XMDJB9001557L"/>
          <property name="Exif/LensSerialNumber" value="01JY122G109P"/>
          <property name="Exif/Make" value="DJI"/>
          <property name="Exif/Model" value="ZenmuseP1"/>
          <property name="Exif/Software" value="04.00.02.05"/>
        </meta>
      </sensor>
    </sensors>
    <components next_id="1" active_id="0">
      <component id="0" label="Component 1">
        <transform>
          <rotation locked="true">-0.080097975647742889 0.62969538711372908 0.77270177542492058 -0.99315319994616391 -0.11654679855927888 -0.0079727775760923235 0.085035496904696417 -0.76804984421147671 0.6347191513361623</rotation>
          <translation locked="true">4932279.4214738533 -32706.724885800686 4030452.3133654245</translation>
          <scale locked="true">40.767025789606862</scale>
        </transform>
        <region>
          <center>-0.55739243085299728 0.050172870236464107 -1.8856152375929043</center>
          <size>0.99318971044181326 1.1180289804367982 1.2708800951639814</size>
          <R>1 0 0 0 1 0 0 0 1</R>
        </region>
        <partition>
          <camera_ids>0 1 2 3 4 5 6 7 8 9 10 11 12 13 14 15</camera_ids>
        </partition>
      </component>
    </components>
    <cameras next_id="16" next_group_id="0">
      <camera id="0" sensor_id="0" component_id="0" label="DJI_20230125121730_0472.JPG">
        <transform>-0.99544794774030687 0.093985080035896507 0.015817334486486301 0.54964234283814617 0.094137986635922544 0.9955165046420158 0.0092156637025190939 0.33090938253600999 -0.014880282650075296 0.010662725542242346 -0.99983242769589364 -0.0100700018482056 0 0 0 1</transform>
        <rotation_covariance>1.2326627037711433e-07 9.8753115755678265e-08 1.8704140069064788e-10 9.8753115755678251e-08 2.4956778912003278e-07 4.5067538346950334e-10 1.8704140069064775e-10 4.5067538346950313e-10 1.3733575907592998e-08</rotation_covariance>
        <location_covariance>1.8423077229208856e-08 1.3081112496971271e-09 -6.0561032806513579e-10 1.3081112496971271e-09 2.148530444577036e-08 -2.5331134571973711e-10 -6.0561032806513579e-10 -2.5331134571973711e-10 3.9618927646436823e-08</location_covariance>
        <orientation>1</orientation>
        <reference x="-0.38020774400000001" y="39.442228088" z="142.47800000000001" yaw="10.1" pitch="0.099999999999993788" roll="-0" enabled="true" rotation_enabled="false"/>
      </camera>
      <camera id="1" sensor_id="0" component_id="0" label="DJI_20230125121731_0473.JPG">
        <transform>-0.99538307585321384 0.094973355859221495 0.013877823382399467 0.5204817323030404 0.095086842883141828 0.99543874366263474 0.0077588611195142732 0.045320710055293575 -0.013077637994381755 0.0090426374577822367 -0.99987359505704276 -0.010281898958250256 0 0 0 1</transform>
        <rotation_covariance>8.5356481024954436e-08 1.6503505720791952e-08 -1.0132763465974578e-10 1.6503505720791952e-08 2.4610131550465643e-07 8.4760827507366436e-10 -1.0132763465974586e-10 8.4760827507366447e-10 1.3435257079995886e-08</rotation_covariance>
        <location_covariance>1.4157282099819866e-08 3.1085518065356769e-10 -3.1840815423547934e-10 3.1085518065356769e-10 1.7238816752974803e-08 -2.5913409179647709e-10 -3.1840815423547934e-10 -2.5913409179647709e-10 2.4623287441356751e-08</location_covariance>
        <orientation>1</orientation>
        <reference x="-0.38017877799999999" y="39.442331097" z="142.48699999999999" yaw="10.1" pitch="0.099999999999993788" roll="-0" enabled="true" rotation_enabled="false"/>
      </camera>
      <camera id="2" sensor_id="0" component_id="0" label="DJI_20230125121733_0474.JPG">
        <transform>-0.99528512079569254 0.09622649778320172 0.012165091330641075 0.49026915047938641 0.096311719034450821 0.99532918041601426 0.0066238500144819639 -0.22146975479525105 -0.011470880495078132 0.0077642602200613696 -0.99990406297999546 -0.010956874636258032 0 0 0 1</transform>
        <rotation_covariance>1.0537041419309282e-07 -5.8212543916944323e-08 -7.0543052076385741e-10 -5.8212543916944343e-08 2.4157112212424836e-07 1.0478184950524329e-09 -7.0543052076385761e-10 1.0478184950524323e-09 1.3482352337282016e-08</rotation_covariance>
        <location_covariance>1.3677140172481596e-08 1.933846949631669e-10 -4.1910546398929642e-10 1.933846949631669e-10 1.6012460035443196e-08 -1.8221994683949353e-10 -4.1910546398929642e-10 -1.8221994683949353e-10 2.7277999042977003e-08</location_covariance>
        <orientation>1</orientation>
        <reference x="-0.38015046000000002" y="39.442427354000003" z="142.47499999999999" yaw="10.200000000000001" pitch="-0.1000000000000008" roll="1.2246480426446621e-17" enabled="true" rotation_enabled="false"/>
      </camera>
      <camera id="3" sensor_id="0" component_id="0" label="DJI_20230125121734_0475.JPG">
        <transform>-0.99512303361464438 0.098197804536833896 0.0093455419175881155 0.4631013402774421 0.098209602542736918 0.99516542165212807 0.00081087381257299623 -0.47240546796372185 -0.0092207341348331338 0.0017247411655191285 -0.99995600069699397 -0.0073112092876316224 0 0 0 1</transform>
        <rotation_covariance>1.76705956247088e-07 -1.3008033339253669e-07 -8.6010073507487228e-11 -1.3008033339253672e-07 2.3792859796933506e-07 -1.1076474934919291e-10 -8.601007350748728e-11 -1.1076474934919317e-10 1.3860320298297844e-08</rotation_covariance>
        <location_covariance>1.8145566551109854e-08 2.0697115998014096e-09 -2.1591741809097551e-10 2.0697115998014096e-09 2.7292643342078743e-08 6.4323015785868205e-10 -2.1591741809097551e-10 6.4323015785868205e-10 4.8321716774383609e-08</location_covariance>
        <orientation>1</orientation>
        <reference x="-0.38012428500000001" y="39.442517649000003" z="142.626" yaw="10.200000000000001" pitch="-0.1000000000000008" roll="1.2246480426446621e-17" enabled="true" rotation_enabled="false"/>
      </camera>
      <camera id="4" sensor_id="0" component_id="0" label="DJI_20230125121744_0479.JPG">
        <transform>0.99994724049761174 0.00070573828839987519 0.010247836585337801 -0.044192464056433046 0.00079888068918173368 -0.99995838656773695 -0.0090877347283166293 -0.29109121441904429 0.010240996575331623 0.0090954420627085419 -0.99990619306154305 -0.011398809565985974 0 0 0 1</transform>
        <rotation_covariance>1.2958292136171696e-07 -1.9960905645253538e-08 -1.6084380331337324e-09 -1.9960905645253538e-08 4.84051230185285e-08 2.4269172809622332e-10 -1.608438033133732e-09 2.4269172809622332e-10 1.3137290755664091e-08</rotation_covariance>
        <location_covariance>1.6875730695088232e-08 -2.3688437581137579e-10 -1.1908610189562118e-09 -2.3688437581137579e-10 1.9173590911279134e-08 -3.2640536311307735e-10 -1.1908610189562118e-09 -3.2640536311307735e-10 2.3175684428794849e-08</location_covariance>
        <orientation>1</orientation>
        <reference x="-0.379895011" y="39.442430664" z="142.489" yaw="186.19999999999999" pitch="0.099999999999993788" roll="-0" enabled="true" rotation_enabled="false"/>
      </camera>
      <camera id="5" sensor_id="0" component_id="0" label="DJI_20230125121746_0480.JPG">
        <transform>0.99996493993778368 -0.00013847664089889635 0.0083725575211522647 -0.00060993329924339623 -8.0553647149234726e-05 -0.99997606615629508 -0.006918137443777006 -0.0049531374742661748 0.0083733151341036337 0.0069172204534037329 -0.99994101808799918 -0.010269217915843787 0 0 0 1</transform>
        <rotation_covariance>8.2985390523179889e-08 1.1983479833219315e-09 -1.6139274370499648e-09 1.1983479833219317e-09 5.4894721532763134e-08 5.1346303506395769e-10 -1.6139274370499644e-09 5.1346303506395769e-10 1.2987402762067499e-08</rotation_covariance>
        <location_covariance>1.2656425054818325e-08 -1.8601773307179516e-10 -1.0650087362189068e-09 -1.8601773307179516e-10 1.4008731101208584e-08 -6.1689464171770839e-10 -1.0650087362189068e-09 -6.1689464171770839e-10 2.1173124179055744e-08</location_covariance>
        <orientation>1</orientation>
        <reference x="-0.37993083799999999" y="39.442327644999999" z="142.517" yaw="186.19999999999999" pitch="0.099999999999993788" roll="-0" enabled="true" rotation_enabled="false"/>
      </camera>
      <camera id="6" sensor_id="0" component_id="0" label="DJI_20230125121747_0481.JPG">
        <transform>0.99997527823977683 -0.00090381640020529988 0.0069732363501507997 0.031064497563918846 -0.00086333581644236371 -0.99998277257050638 -0.0058059636125482594 0.25730038739581113 0.0069783637443452525 0.0057997998342101398 -0.99995883153324616 -0.010610770353570035 0 0 0 1</transform>
        <rotation_covariance>9.5113333147924924e-08 2.7415705224831973e-08 -1.5244737146897563e-09 2.7415705224831979e-08 6.1039226997324829e-08 8.4733905978728207e-10 -1.5244737146897567e-09 8.4733905978728217e-10 1.2994670450836375e-08</rotation_covariance>
        <location_covariance>1.3417164462292206e-08 -6.9567686007106246e-10 -1.0033418770726594e-09 -6.9567686007106246e-10 1.3942445047672933e-08 -1.1902821753894382e-10 -1.0033418770726594e-09 -1.1902821753894382e-10 2.2654201509491215e-08</location_covariance>
        <orientation>1</orientation>
        <reference x="-0.37995974999999999" y="39.442233586999997" z="142.49199999999999" yaw="186.19999999999999" pitch="0.099999999999993788" roll="-0" enabled="true" rotation_enabled="false"/>
      </camera>
      <camera id="7" sensor_id="0" component_id="0" label="DJI_20230125121749_0482.JPG">
        <transform>0.9999830549703721 -0.00069869248399000378 0.0057794118156173583 0.060477792763061693 -0.00066053582621047999 -0.99997799206077964 -0.0066014457896649836 0.51612616798637068 0.0057838970032300973 0.0065975164194119196 -0.99996150891549396 -0.0095669893857404497 0 0 0 1</transform>
        <rotation_covariance>1.5841945684392783e-07 5.8861267601418495e-08 -1.3181537234401413e-09 5.8861267601418495e-08 6.7863438292948109e-08 1.0282065885117679e-09 -1.3181537234401413e-09 1.0282065885117677e-09 1.3262681507041177e-08</rotation_covariance>
        <location_covariance>1.7739645659431522e-08 -3.9198920618163121e-10 -1.1240218083429821e-09 -3.9198920618163121e-10 2.0578512672489674e-08 -1.7264368625711098e-10 -1.1240218083429821e-09 -1.7264368625711098e-10 3.0205826608868793e-08</location_covariance>
        <orientation>1</orientation>
        <reference x="-0.379987201" y="39.442140332999998" z="142.53999999999999" yaw="186.19999999999999" pitch="0.099999999999993788" roll="-0" enabled="true" rotation_enabled="false"/>
      </camera>
      <camera id="8" sensor_id="0" component_id="0" label="DJI_20230125121759_0487.JPG">
        <transform>-0.99541412873165447 0.094454554003644595 0.015134383019278457 -0.45988061374552003 0.094630742218514613 0.99544738892424378 0.011380619977777312 0.39084560378390898 -0.013990530675234227 0.012760607817738773 -0.99982069989550981 -0.011676678373413137 0 0 0 1</transform>
        <rotation_covariance>1.1458692160204657e-07 -1.8124333455195331e-08 -2.7398731353268013e-09 -1.8124333455195331e-08 5.6358902916890974e-08 -4.0366933468152238e-10 -2.7398731353268017e-09 -4.0366933468152249e-10 1.3473493448033241e-08</rotation_covariance>
        <location_covariance>2.2314422609488211e-08 1.2349853243398032e-09 -8.0151616197550872e-10 1.2349853243398032e-09 2.1852503374479788e-08 4.1309990354434771e-10 -8.0151616197550872e-10 4.1309990354434771e-10 2.2938818285257105e-08</location_covariance>
        <orientation>1</orientation>
        <reference x="-0.37973550499999997" y="39.442164337999998" z="142.47399999999999" yaw="10.1" pitch="0.099999999999993788" roll="-0" enabled="true" rotation_enabled="false"/>
      </camera>
      <camera id="9" sensor_id="0" component_id="0" label="DJI_20230125121800_0488.JPG">
        <transform>-0.99539604511460467 0.094880908828833155 0.013576689950742587 -0.4901121766471932 0.095015471426025094 0.99542917562682143 0.0096341320624247096 0.107778459517316 -0.012600538079548791 0.010879772549124148 -0.99986141889233082 -0.011056088354993663 0 0 0 1</transform>
        <rotation_covariance>8.408198311150567e-08 7.2914238520046557e-09 -2.4641536980369196e-09 7.2914238520046573e-09 5.6125497335006505e-08 8.6807033813826009e-11 -2.4641536980369196e-09 8.6807033813825932e-11 1.3421511008612572e-08</rotation_covariance>
        <location_covariance>1.6786017243623591e-08 1.9633882342912682e-10 -1.0826098060646242e-09 1.9633882342912682e-10 1.8548590552965413e-08 -5.4951956799271744e-10 -1.0826098060646242e-09 -5.4951956799271744e-10 2.1097493793401192e-08</location_covariance>
        <orientation>1</orientation>
        <reference x="-0.37970617899999998" y="39.442266386999997" z="142.512" yaw="10.200000000000001" pitch="-0.1000000000000008" roll="1.2246480426446621e-17" enabled="true" rotation_enabled="false"/>
      </camera>
      <camera id="10" sensor_id="0" component_id="0" label="DJI_20230125121802_0489.JPG">
        <transform>-0.9952861093182126 0.096283679958351923 0.011619534065210685 -0.5199282537146519 0.096375763286239979 0.99531568099887457 0.0076424739935145175 -0.16571893175328176 -0.010829258940923214 0.0087262896711358257 -0.99990328483277113 -0.010194410774795869 0 0 0 1</transform>
        <rotation_covariance>1.1168776949688018e-07 3.2094928950726073e-08 -2.0527911935070514e-09 3.209492895072608e-08 5.6020316336474418e-08 3.1832114393251673e-10 -2.0527911935070519e-09 3.1832114393251683e-10 1.3474152078669291e-08</rotation_covariance>
        <location_covariance>1.6307073092743859e-08 -3.602984928703822e-11 -7.7617497071017977e-10 -3.602984928703822e-11 1.7898339651039984e-08 -4.5698574683910163e-11 -7.7617497071017977e-10 -4.5698574683910163e-11 2.2023954252046358e-08</location_covariance>
        <orientation>1</orientation>
        <reference x="-0.37967757600000002" y="39.442365176999999" z="142.56800000000001" yaw="10.200000000000001" pitch="-0.1000000000000008" roll="1.2246480426446621e-17" enabled="true" rotation_enabled="false"/>
      </camera>
      <camera id="11" sensor_id="0" component_id="0" label="DJI_20230125121803_0490.JPG">
        <transform>-0.9951308048706855 0.098015749868478261 0.010372751570415109 -0.54373836605247639 0.098098447442135431 0.99514624224556836 0.007787885076664532 -0.40889566962311746 -0.0095590693513666076 0.0087675151693421601 -0.999915873896845 -0.0092728408544197685 0 0 0 1</transform>
        <rotation_covariance>1.8555620498566799e-07 5.5126632239502063e-08 -1.745659254292704e-09 5.5126632239502076e-08 5.6937547297804795e-08 6.0629862168536387e-10 -1.745659254292704e-09 6.0629862168536366e-10 1.3645048337560342e-08</rotation_covariance>
        <location_covariance>2.1726924958504338e-08 1.3989622078432453e-09 -6.3847646430208489e-10 1.3989622078432453e-09 2.5133544391076255e-08 2.3450030791565846e-10 -6.3847646430208489e-10 2.3450030791565846e-10 3.0339316795285196e-08</location_covariance>
        <orientation>1</orientation>
        <reference x="-0.37965333200000001" y="39.442452719000002" z="142.61000000000001" yaw="10.1" pitch="0.099999999999993788" roll="-0" enabled="true" rotation_enabled="false"/>
      </camera>
      <camera id="12" sensor_id="0" component_id="0" label="DJI_20230125121813_0494.JPG">
        <transform>0.99991679416382384 -0.0048646788113377313 0.011947369970159364 -1.0499030168984183 -0.0047574703870944422 -0.99994831249420879 -0.0089854780339801831 -0.18058295616452147 0.011990463905006491 0.008927891130930227 -0.99988825452412278 -0.01358413831452353 0 0 0 1</transform>
        <rotation_covariance>1.0478224337410449e-07 7.8868075051926027e-08 1.6759737606451181e-09 7.8868075051926027e-08 2.5529202285871521e-07 2.1246889999945209e-09 1.6759737606451183e-09 2.1246889999945209e-09 1.3386097684708244e-08</rotation_covariance>
        <location_covariance>2.1242203906312668e-08 -1.4740118920761078e-09 6.7885481429824926e-10 -1.4740118920761078e-09 2.2990977241311339e-08 -6.2256785246798511e-11 6.7885481429824926e-10 -6.2256785246798511e-11 3.9714959727122257e-08</location_covariance>
        <orientation>1</orientation>
        <reference x="-0.37942704999999999" y="39.442348526000004" z="142.47499999999999" yaw="186.5" pitch="0.099999999999993788" roll="-0" enabled="true" rotation_enabled="false"/>
      </camera>
      <camera id="13" sensor_id="0" component_id="0" label="DJI_20230125121814_0495.JPG">
        <transform>0.99992111478383072 -0.0067894349291550892 0.010567297800483811 -1.0049263688690504 -0.0067090790942010885 -0.99994845173784475 -0.0076211629555234901 0.10563603907986321 0.010618496464617535 0.0075496649216808586 -0.99991512144401595 -0.013035614407812852 0 0 0 1</transform>
        <rotation_covariance>8.1617046238793785e-08 -1.5523839679669781e-09 9.3042510126805863e-10 -1.5523839679669783e-09 2.319544382221992e-07 1.8196525761523716e-09 9.3042510126805873e-10 1.8196525761523718e-09 1.3394006998990831e-08</rotation_covariance>
        <location_covariance>1.6302018032469551e-08 -4.1145892934838644e-10 2.6445813173247058e-10 -4.1145892934838644e-10 1.8775459482177646e-08 -2.7402790548890351e-10 2.6445813173247058e-10 -2.7402790548890351e-10 2.3935239429750983e-08</location_covariance>
        <orientation>1</orientation>
        <reference x="-0.37946355399999998" y="39.442245757999999" z="142.47999999999999" yaw="186.5" pitch="0.099999999999993788" roll="-0" enabled="true" rotation_enabled="false"/>
      </camera>
      <camera id="14" sensor_id="0" component_id="0" label="DJI_20230125121816_0496.JPG">
        <transform>0.99992678996979456 -0.0078058041867555272 0.0092457623644300012 -0.96929483282857665 -0.0077492099787978908 -0.99995111659007496 -0.0061411867718809687 0.38077435834275514 0.0092932473014538663 0.0060690898214359468 -0.99993839895432224 -0.010709819745824061 0 0 0 1</transform>
        <rotation_covariance>1.1636859545422008e-07 -7.2618662194052047e-08 3.1373226129348124e-10 -7.2618662194052047e-08 2.151520259469876e-07 1.9663657365108704e-09 3.137322612934815e-10 1.9663657365108704e-09 1.3436000080230716e-08</rotation_covariance>
        <location_covariance>1.5656299463509737e-08 -5.6681458296936857e-10 2.2820333662256258e-10 -5.6681458296936857e-10 1.8473784369751274e-08 1.4659208382444252e-10 2.2820333662256258e-10 1.4659208382444252e-10 2.7747929812446364e-08</location_covariance>
        <orientation>1</orientation>
        <reference x="-0.37949502800000001" y="39.442147110999997" z="142.55699999999999" yaw="186.5" pitch="0.099999999999993788" roll="-0" enabled="true" rotation_enabled="false"/>
      </camera>
      <camera id="15" sensor_id="0" component_id="0" label="DJI_20230125121817_0497.JPG">
        <transform>0.99992230156437545 -0.0092291383397968413 0.008379369887231718 -0.94140664231935334 -0.0091603541946958644 -0.99992433615120846 -0.0082103522209576018 0.62351406803579679 0.0084545103483212817 0.0081329562933386956 -0.99993118577065132 -0.011684227083744846 0 0 0 1</transform>
        <rotation_covariance>1.9363031216072089e-07 -1.2984909110178189e-07 -5.0650197407051045e-10 -1.2984909110178189e-07 2.0335702267068541e-07 2.5395154550383006e-09 -5.0650197407051024e-10 2.5395154550383002e-09 1.3618301971247106e-08</rotation_covariance>
        <location_covariance>1.9771878034504397e-08 4.0073926606189393e-10 3.381906911067486e-10 4.0073926606189393e-10 2.5463032549423764e-08 -4.4086379341863867e-10 3.381906911067486e-10 -4.4086379341863867e-10 4.8130101055154104e-08</location_covariance>
        <orientation>1</orientation>
        <reference x="-0.37952114100000001" y="39.442059487000002" z="142.50399999999999" yaw="186.59999999999999" pitch="0.099999999999993788" roll="-0" enabled="true" rotation_enabled="false"/>
      </camera>
    </cameras>
    <markers next_id="8" next_group_id="0">
      <marker id="0" label="101">
        <reference x="725418.34600000002" y="4369135.8789999997" z="10.720000000000001" enabled="true"/>
      </marker>
      <marker id="1" label="102">
        <reference x="725447.56099999999" y="4369165.9840000002" z="21.649000000000001" enabled="true"/>
      </marker>
      <marker id="2" label="103">
        <reference x="725464.95799999998" y="4369119.1109999996" z="24.298999999999999" enabled="true"/>
      </marker>
      <marker id="3" label="104">
        <reference x="725500.60199999996" y="4369138.6359999999" z="12.943" enabled="true"/>
      </marker>
      <marker id="4" label="105">
        <reference x="725503.98800000001" y="4369159.4570000004" z="11.631" enabled="true"/>
      </marker>
      <marker id="5" label="106">
        <reference x="725483.97199999995" y="4369122.4809999997" z="11.91" sxyz="0.0050000000000000001" enabled="true"/>
      </marker>
      <marker id="6" label="107">
        <reference x="725524.57900000003" y="4369127.341" z="12.821999999999999" enabled="true"/>
      </marker>
    </markers>
    <transform>
      <rotation locked="true">-0.080097975647742889 0.62969538711372908 0.77270177542492058 -0.99315319994616391 -0.11654679855927888 -0.0079727775760923235 0.085035496904696417 -0.76804984421147671 0.6347191513361623</rotation>
      <translation locked="true">4932279.4214738533 -32706.724885800686 4030452.3133654245</translation>
      <scale locked="true">40.767025789606862</scale>
    </transform>
    <reference>COMPD_CS["ETRS89 / UTM zone 30N + Alicante height",PROJCS["ETRS89 / UTM zone 30N",GEOGCS["ETRS89",DATUM["European Terrestrial Reference System 1989 ensemble",SPHEROID["GRS 1980",6378137,298.257222101,AUTHORITY["EPSG","7019"]],TOWGS84[0,0,0,0,0,0,0],AUTHORITY["EPSG","6258"]],PRIMEM["Greenwich",0,AUTHORITY["EPSG","8901"]],UNIT["degree",0.01745329251994328,AUTHORITY["EPSG","9102"]],AUTHORITY["EPSG","4258"]],PROJECTION["Transverse_Mercator",AUTHORITY["EPSG","9807"]],PARAMETER["latitude_of_origin",0],PARAMETER["central_meridian",-3],PARAMETER["scale_factor",0.9996],PARAMETER["false_easting",500000],PARAMETER["false_northing",0],UNIT["metre",1,AUTHORITY["EPSG","9001"]],AUTHORITY["EPSG","25830"]],VERT_CS["Alicante height",VERT_DATUM["Alicante",2005,AUTHORITY["EPSG","5180"]],UNIT["metre",1,AUTHORITY["EPSG","9001"]],AUTHORITY["EPSG","5782"]]]</reference>
    <camera_reference>GEOGCS["WGS 84",DATUM["World Geodetic System 1984 ensemble",SPHEROID["WGS 84",6378137,298.257223563,AUTHORITY["EPSG","7030"]],TOWGS84[0,0,0,0,0,0,0],AUTHORITY["EPSG","6326"]],PRIMEM["Greenwich",0,AUTHORITY["EPSG","8901"]],UNIT["degree",0.01745329251994328,AUTHORITY["EPSG","9102"]],AUTHORITY["EPSG","4326"]]</camera_reference>
    <marker_reference>COMPD_CS["ETRS89 / UTM zone 30N + Alicante height",PROJCS["ETRS89 / UTM zone 30N",GEOGCS["ETRS89",DATUM["European Terrestrial Reference System 1989 ensemble",SPHEROID["GRS 1980",6378137,298.257222101,AUTHORITY["EPSG","7019"]],TOWGS84[0,0,0,0,0,0,0],AUTHORITY["EPSG","6258"]],PRIMEM["Greenwich",0,AUTHORITY["EPSG","8901"]],UNIT["degree",0.01745329251994328,AUTHORITY["EPSG","9102"]],AUTHORITY["EPSG","4258"]],PROJECTION["Transverse_Mercator",AUTHORITY["EPSG","9807"]],PARAMETER["latitude_of_origin",0],PARAMETER["central_meridian",-3],PARAMETER["scale_factor",0.9996],PARAMETER["false_easting",500000],PARAMETER["false_northing",0],UNIT["metre",1,AUTHORITY["EPSG","9001"]],AUTHORITY["EPSG","25830"]],VERT_CS["Alicante height",VERT_DATUM["Alicante",2005,AUTHORITY["EPSG","5180"]],UNIT["metre",1,AUTHORITY["EPSG","9001"]],AUTHORITY["EPSG","5782"]]]</marker_reference>
    <region>
      <center>-0.55739243085299728 0.050172870236464107 -1.8856152375929043</center>
      <size>0.99318971044181326 1.1180289804367982 1.2708800951639814</size>
      <R>1 0 0 0 1 0 0 0 1</R>
    </region>
    <settings>
      <property name="accuracy_tiepoints" value="1"/>
      <property name="accuracy_cameras_xy" value="0.080000000000000002"/>
      <property name="accuracy_cameras_z" value="0.12"/>
      <property name="accuracy_cameras_ypr" value="10"/>
      <property name="accuracy_markers" value="0.0050000000000000001"/>
      <property name="accuracy_scalebars" value="0.001"/>
      <property name="accuracy_projections" value="0.5"/>
    </settings>
    <meta>
      <property name="AlignCameras/adaptive_fitting" value="false"/>
      <property name="AlignCameras/duration" value="9.8"/>
      <property name="AlignCameras/min_image" value="2"/>
      <property name="AlignCameras/ram_used" value="108441600"/>
      <property name="AlignCameras/reset_alignment" value="false"/>
      <property name="AlignCameras/subdivide_task" value="true"/>
      <property name="Info/LastSavedDateTime" value="2024:10:28 19:14:21"/>
      <property name="Info/LastSavedSoftwareVersion" value="2.1.3.18946"/>
      <property name="OptimizeCameras/sigma0" value="0.116962490840541"/>
    </meta>
    <frames next_id="1">
      <frame id="0">
        <markers>
          <marker marker_id="0">
            <location camera_id="0" pinned="true" x="1141.8335" y="2533.229"/>
            <location camera_id="1" pinned="true" x="1122.07971" y="3678.85376"/>
            <location camera_id="2" pinned="true" x="1097.76843" y="4744.39697"/>
          </marker>
          <marker marker_id="1">
            <location camera_id="2" pinned="true" x="3217.40527" y="1168.79407"/>
            <location camera_id="3" pinned="true" x="3186.66089" y="2374.25586"/>
            <location camera_id="4" pinned="true" x="7163.38525" y="3989.51807"/>
            <location camera_id="5" pinned="true" x="6973.83545" y="5293.76758"/>
          </marker>
          <marker marker_id="2">
            <location camera_id="0" pinned="true" x="6208.30664" y="3462.771"/>
            <location camera_id="1" pinned="true" x="6176.57471" y="4832.06104"/>
            <location camera_id="5" pinned="true" x="4655.47998" y="163.036026"/>
            <location camera_id="6" pinned="true" x="4518.5835" y="1407.01892"/>
            <location camera_id="7" pinned="true" x="4390.5249" y="2631.88354"/>
            <location camera_id="8" pinned="true" x="1412.7002" y="3608.30127"/>
            <location camera_id="9" pinned="true" x="1397.74573" y="4960.17725"/>
          </marker>
          <marker marker_id="3">
            <location camera_id="8" pinned="true" x="4950.38477" y="924.344666"/>
            <location camera_id="9" pinned="true" x="4926.36914" y="2100.50806"/>
            <location camera_id="10" pinned="true" x="4897.10352" y="3240.50684"/>
            <location camera_id="11" pinned="true" x="4885.7998" y="4232.35938"/>
            <location camera_id="12" pinned="true" x="5421.76514" y="2020.45557"/>
            <location camera_id="13" pinned="true" x="5256.64551" y="3195.20532"/>
            <location camera_id="14" pinned="true" x="5128.36328" y="4324.31152"/>
            <location camera_id="15" pinned="true" x="5030.11133" y="5286.68457"/>
          </marker>
          <marker marker_id="4">
            <location camera_id="4" pinned="true" x="1224.82166" y="3660.24072"/>
            <location camera_id="5" pinned="true" x="1078.79016" y="4818.01904"/>
            <location camera_id="9" pinned="true" x="4872.75879" y="45.3583641"/>
            <location camera_id="10" pinned="true" x="4844.93848" y="1157.17932"/>
            <location camera_id="11" pinned="true" x="4832.19141" y="2134.29517"/>
            <location camera_id="12" pinned="true" x="5244.37939" y="4095.60181"/>
            <location camera_id="13" pinned="true" x="5082.54395" y="5244.0752"/>
          </marker>
          <marker marker_id="5">
            <location camera_id="0" pinned="true" x="7666.98145" y="2686.62134"/>
            <location camera_id="1" pinned="true" x="7636.94238" y="3845.64429"/>
            <location camera_id="2" pinned="true" x="7595.12305" y="4919.94434"/>
            <location camera_id="5" pinned="true" x="2715.521" y="1033.94434"/>
            <location camera_id="6" pinned="true" x="2597.54272" y="2097.20044"/>
            <location camera_id="7" pinned="true" x="2490.77808" y="3134.32104"/>
            <location camera_id="8" pinned="true" x="3607.35889" y="2808.06396"/>
            <location camera_id="9" pinned="true" x="3583.63721" y="3967.53394"/>
            <location camera_id="10" pinned="true" x="3559.24414" y="5085.35254"/>
            <location camera_id="12" pinned="true" x="6862.32031" y="327.987885"/>
            <location camera_id="13" pinned="true" x="6709.39014" y="1466.4281"/>
            <location camera_id="14" pinned="true" x="6587.40381" y="2574.62939"/>
            <location camera_id="15" pinned="true" x="6492.48096" y="3525.32153"/>
          </marker>
          <marker marker_id="6">
            <location camera_id="8" pinned="true" x="7488.99219" y="1620.4209"/>
            <location camera_id="9" pinned="true" x="7462.32031" y="2788.67847"/>
            <location camera_id="10" pinned="true" x="7426.47656" y="3914.73975"/>
            <location camera_id="11" pinned="true" x="7405.13477" y="4887.93213"/>
            <location camera_id="12" pinned="true" x="2934.60962" y="1106.06482"/>
            <location camera_id="13" pinned="true" x="2767.08789" y="2287.00073"/>
            <location camera_id="14" pinned="true" x="2642.53394" y="3423.10889"/>
            <location camera_id="15" pinned="true" x="2548.23047" y="4394.86865"/>
          </marker>
        </markers>
      </frame>
    </frames>
  </chunk>
</document>
